0.377724 0.412308 0.396124 0.447381 0.484285 0.460843 0.403395
0.412308 0.280186 0.413011 0.454013 0.386846 0.363738 0.303199
0.396124 0.413011 0.307844 0.450534 0.482845 0.459955 0.404681
0.447381 0.454013 0.450534 0.360645 0.520688 0.497708 0.446520
0.484285 0.386846 0.482845 0.520688 0.417089 0.409521 0.387080
0.460843 0.363738 0.459955 0.497708 0.409521 0.367325 0.363578
0.403395 0.303199 0.404681 0.446520 0.387080 0.363578 0.285368
