 0 0.425170179305 0.420783122606 0.411129531702 0.426301637058 0.482790617341 0.406018378416 0.365641569081 0.429628991155 0.409318228353 0.356105873450 0.348823726297 0.419795487112 0.465390624614 0.443471241378 0.390875250440 0.461571511099 0.581325548613 0.522738689377 0.495061192753 0.438258023621 0.552839801246 0.485428833205 0.480495990930 0.524029095907 0.544376585698 0.581185437243 0.526686753033 0.439181030274 0.410592563178 0.375273648098
 0.425170179305 0 0.313948707915 0.398780579117 0.403083383177 0.439513254522 0.407756404946 0.328500095258 0.408014075004 0.401939296838 0.366055395311 0.320343947873 0.413893277978 0.503838575884 0.461810022621 0.472556147908 0.444741378144 0.577182088385 0.500839368192 0.452373638455 0.408547874782 0.498688225816 0.436908267606 0.452107788459 0.503176265974 0.485836818326 0.541896142524 0.521538989120 0.435519200337 0.393207926687 0.386278128047
 0.420783122606 0.313948707915 0 0.384800267456 0.380878461460 0.440889330626 0.389319578967 0.339939382946 0.398520431879 0.425653435846 0.363095659509 0.333862215514 0.445581072133 0.464657848560 0.419114533153 0.402539999904 0.438648956925 0.542347904020 0.515141340725 0.460774434483 0.402321992536 0.505231987278 0.447546041168 0.452384506830 0.507719690579 0.478690460672 0.529954811903 0.527393313167 0.417939303921 0.372421024181 0.362188032674
 0.411129531702 0.398780579117 0.384800267456 0 0.199133188308 0.464668888990 0.399470998487 0.286043766734 0.427434471017 0.401603045392 0.343588379254 0.281743284786 0.399718759139 0.436396973048 0.427994162907 0.425777257346 0.404162751185 0.394271590384 0.348095987749 0.385191661166 0.334204795816 0.402066496022 0.304890008989 0.362307919943 0.354257012471 0.358844348512 0.396038378954 0.390857103180 0.313337692533 0.232362260563 0.244767096210
 0.426301637058 0.403083383177 0.380878461460 0.199133188308 0 0.496593557137 0.416370977242 0.302911103830 0.445577608447 0.429848286037 0.362288993976 0.293598002404 0.434540298843 0.421467300951 0.428515525159 0.430836358629 0.413680765862 0.405234363152 0.381924815894 0.407441779863 0.349697875992 0.405171929320 0.324924220635 0.365765724118 0.365441028472 0.360047078105 0.410001304798 0.409124100259 0.334601617066 0.232118739296 0.265144750251
 0.482790617341 0.439513254522 0.440889330626 0.464668888990 0.496593557137 0 0.370270923532 0.333376202654 0.307796000990 0.319077087283 0.308544976737 0.312362152901 0.416571712431 0.576330331112 0.503324669043 0.531438266462 0.521432739782 0.630764329053 0.580584403783 0.549988692396 0.513505793165 0.652596313878 0.502941579791 0.550124398792 0.627097651267 0.602885503280 0.643643015134 0.625988893007 0.514338861385 0.478972891176 0.449645319789
 0.406018378416 0.407756404946 0.389319578967 0.399470998487 0.416370977242 0.370270923532 0 0.311254645715 0.258073293669 0.339569696746 0.300988862994 0.304914574016 0.386299961800 0.495501777459 0.452784983999 0.419325225370 0.466109055896 0.593569279249 0.529501229075 0.513183385401 0.436853944603 0.545363798017 0.475059922262 0.463085217459 0.559835648283 0.519181689203 0.551213999805 0.548809316395 0.439795801893 0.391089357699 0.394236029569
 0.365641569081 0.328500095258 0.339939382946 0.286043766734 0.302911103830 0.333376202654 0.311254645715 0 0.302547800813 0.293295971154 0.255175148216 0.224297788349 0.330686698078 0.420410010677 0.383311995477 0.347588020427 0.380928750785 0.446127448515 0.390323602607 0.379032459236 0.322026805657 0.428785523797 0.317702901141 0.357844476366 0.398984458737 0.406588597452 0.434736172832 0.428337253042 0.333079425627 0.289722037354 0.290058089259
 0.429628991155 0.408014075004 0.398520431879 0.427434471017 0.445577608447 0.307796000990 0.258073293669 0.302547800813 0 0.245248430594 0.227735858746 0.265019688882 0.372048382264 0.513256917225 0.502637577012 0.441625963894 0.499204788580 0.623320859407 0.566123190448 0.526613087990 0.456038366198 0.599677416558 0.487025321849 0.493995222021 0.590658911375 0.579773722591 0.620415016243 0.577281112976 0.463524934316 0.428972967174 0.413724220454
 0.409318228353 0.401939296838 0.425653435846 0.401603045392 0.429848286037 0.319077087283 0.339569696746 0.293295971154 0.245248430594 0 0.269525196628 0.277579892345 0.337994250660 0.544088201399 0.480161539788 0.458005684786 0.500788479259 0.565595332316 0.517763861540 0.481225262833 0.430796670001 0.572892325146 0.436939764041 0.503481409288 0.555884451728 0.562776953712 0.601486983987 0.555564098886 0.449287829605 0.411119631726 0.392276163529
 0.356105873450 0.366055395311 0.363095659509 0.343588379254 0.362288993976 0.308544976737 0.300988862994 0.255175148216 0.227735858746 0.269525196628 0 0.214627290488 0.341524405883 0.429916776575 0.421930683986 0.381188874956 0.418246911137 0.523161042489 0.447609795504 0.418195955446 0.393351908354 0.518800730698 0.388044017741 0.425008250498 0.484216544837 0.463758549912 0.526751566436 0.500122052719 0.381040520387 0.346756901848 0.327225346850
 0.348823726297 0.320343947873 0.333862215514 0.281743284786 0.293598002404 0.312362152901 0.304914574016 0.224297788349 0.265019688882 0.277579892345 0.214627290488 0 0.318956406891 0.396094927338 0.381635278266 0.347015925845 0.358337428355 0.437371103560 0.386994191211 0.366693285818 0.324747229044 0.438588971129 0.320433095922 0.352886214522 0.396428101384 0.395778973103 0.433507671485 0.413125652818 0.325651149428 0.282914853926 0.264343698352
 0.419795487112 0.413893277978 0.445581072133 0.399718759139 0.434540298843 0.416571712431 0.386299961800 0.330686698078 0.372048382264 0.337994250660 0.341524405883 0.318956406891 0 0.541570879720 0.462530583360 0.477757329395 0.494749307770 0.582988179321 0.499415763987 0.505724723072 0.460340174758 0.592804672780 0.435694479421 0.518174484625 0.550804876378 0.545868080937 0.590587827273 0.542276638335 0.446162647346 0.422124662129 0.397299349709
 0.465390624614 0.503838575884 0.464657848560 0.436396973048 0.421467300951 0.576330331112 0.495501777459 0.420410010677 0.513256917225 0.544088201399 0.429916776575 0.396094927338 0.541570879720 0 0.407629469632 0.335614255707 0.244156690697 0.581359287365 0.546291835428 0.527762648611 0.479281582408 0.550642265491 0.504067643403 0.487390729046 0.522357138755 0.510418893678 0.567570718198 0.537798631004 0.476580800216 0.392397447260 0.392646521095
 0.443471241378 0.461810022621 0.419114533153 0.427994162907 0.428515525159 0.503324669043 0.452784983999 0.383311995477 0.502637577012 0.480161539788 0.421930683986 0.381635278266 0.462530583360 0.407629469632 0 0.384994038652 0.393302748258 0.573647019996 0.537930501462 0.521655766728 0.469562397597 0.513338166645 0.483613210040 0.487710784397 0.555054452759 0.532796081825 0.582198440147 0.548780525122 0.485256102052 0.414995700430 0.403725706056
 0.390875250440 0.472556147908 0.402539999904 0.425777257346 0.430836358629 0.531438266462 0.419325225370 0.347588020427 0.441625963894 0.458005684786 0.381188874956 0.347015925845 0.477757329395 0.335614255707 0.384994038652 0 0.359052946939 0.584401472151 0.569399060660 0.505669789957 0.468449244971 0.571322745744 0.500555630794 0.487372022208 0.559580293703 0.557023300481 0.596587707400 0.557352263559 0.454728175960 0.404082724392 0.370366293408
 0.461571511099 0.444741378144 0.438648956925 0.404162751185 0.413680765862 0.521432739782 0.466109055896 0.380928750785 0.499204788580 0.500788479259 0.418246911137 0.358337428355 0.494749307770 0.244156690697 0.393302748258 0.359052946939 0 0.541234224561 0.483876715401 0.492461821235 0.456810813017 0.539494384942 0.457319281895 0.458865523319 0.499941021954 0.480102100537 0.544946939330 0.536343124222 0.481462514380 0.391483187912 0.376188481759
 0.581325548613 0.577182088385 0.542347904020 0.394271590384 0.405234363152 0.630764329053 0.593569279249 0.446127448515 0.623320859407 0.565595332316 0.523161042489 0.437371103560 0.582988179321 0.581359287365 0.573647019996 0.584401472151 0.541234224561 0 0.492284433537 0.534380853582 0.506526980902 0.501370865469 0.413188715132 0.514163861823 0.468927491862 0.499283401264 0.525591150598 0.519034801348 0.428822681778 0.373030854687 0.411937967782
 0.522738689377 0.500839368192 0.515141340725 0.348095987749 0.381924815894 0.580584403783 0.529501229075 0.390323602607 0.566123190448 0.517763861540 0.447609795504 0.386994191211 0.499415763987 0.546291835428 0.537930501462 0.569399060660 0.483876715401 0.492284433537 0 0.425972197631 0.425602592231 0.489601585109 0.230453734077 0.443799190994 0.402382173152 0.407780165858 0.476030824609 0.470009746232 0.406040665386 0.387338928697 0.385770018924
 0.495061192753 0.452373638455 0.460774434483 0.385191661166 0.407441779863 0.549988692396 0.513183385401 0.379032459236 0.526613087990 0.481225262833 0.418195955446 0.366693285818 0.505724723072 0.527762648611 0.521655766728 0.505669789957 0.492461821235 0.534380853582 0.425972197631 0 0.413855719099 0.500750560392 0.393160902956 0.443016150861 0.453278967318 0.434111476456 0.490466068747 0.494478553058 0.420161176796 0.405760331509 0.376094392724
 0.438258023621 0.408547874782 0.402321992536 0.334204795816 0.349697875992 0.513505793165 0.436853944603 0.322026805657 0.456038366198 0.430796670001 0.393351908354 0.324747229044 0.460340174758 0.479281582408 0.469562397597 0.468449244971 0.456810813017 0.506526980902 0.425602592231 0.413855719099 0 0.384626001348 0.352233847987 0.268722772210 0.427788776026 0.427053341469 0.443989755492 0.431885028526 0.367024939869 0.330913819560 0.343171347429
 0.552839801246 0.498688225816 0.505231987278 0.402066496022 0.405171929320 0.652596313878 0.545363798017 0.428785523797 0.599677416558 0.572892325146 0.518800730698 0.438588971129 0.592804672780 0.550642265491 0.513338166645 0.571322745744 0.539494384942 0.501370865469 0.489601585109 0.500750560392 0.384626001348 0 0.438141669938 0.395365272182 0.470933550066 0.444158404325 0.487300993494 0.525592838430 0.421224363947 0.396244869799 0.405520552697
 0.485428833205 0.436908267606 0.447546041168 0.304890008989 0.324924220635 0.502941579791 0.475059922262 0.317702901141 0.487025321849 0.436939764041 0.388044017741 0.320433095922 0.435694479421 0.504067643403 0.483613210040 0.500555630794 0.457319281895 0.413188715132 0.230453734077 0.393160902956 0.352233847987 0.438141669938 0 0.360881409269 0.354756027078 0.392529453438 0.421935188652 0.401564535366 0.339009579277 0.316585601848 0.336215490915
 0.480495990930 0.452107788459 0.452384506830 0.362307919943 0.365765724118 0.550124398792 0.463085217459 0.357844476366 0.493995222021 0.503481409288 0.425008250498 0.352886214522 0.518174484625 0.487390729046 0.487710784397 0.487372022208 0.458865523319 0.514163861823 0.443799190994 0.443016150861 0.268722772210 0.395365272182 0.360881409269 0 0.443221392130 0.443941379772 0.467805881313 0.428262431851 0.385569347480 0.350527183480 0.359483935543
 0.524029095907 0.503176265974 0.507719690579 0.354257012471 0.365441028472 0.627097651267 0.559835648283 0.398984458737 0.590658911375 0.555884451728 0.484216544837 0.396428101384 0.550804876378 0.522357138755 0.555054452759 0.559580293703 0.499941021954 0.468927491862 0.402382173152 0.453278967318 0.427788776026 0.470933550066 0.354756027078 0.443221392130 0 0.304669053715 0.293351827487 0.327960969805 0.417172070361 0.358191519750 0.392451225128
 0.544376585698 0.485836818326 0.478690460672 0.358844348512 0.360047078105 0.602885503280 0.519181689203 0.406588597452 0.579773722591 0.562776953712 0.463758549912 0.395778973103 0.545868080937 0.510418893678 0.532796081825 0.557023300481 0.480102100537 0.499283401264 0.407780165858 0.434111476456 0.427053341469 0.444158404325 0.392529453438 0.443941379772 0.304669053715 0 0.229135663233 0.387320391915 0.414487092158 0.356981240219 0.381760056473
 0.581185437243 0.541896142524 0.529954811903 0.396038378954 0.410001304798 0.643643015134 0.551213999805 0.434736172832 0.620415016243 0.601486983987 0.526751566436 0.433507671485 0.590587827273 0.567570718198 0.582198440147 0.596587707400 0.544946939330 0.525591150598 0.476030824609 0.490466068747 0.443989755492 0.487300993494 0.421935188652 0.467805881313 0.293351827487 0.229135663233 0 0.357206901159 0.446827677625 0.390449614517 0.427488993576
 0.526686753033 0.521538989120 0.527393313167 0.390857103180 0.409124100259 0.625988893007 0.548809316395 0.428337253042 0.577281112976 0.555564098886 0.500122052719 0.413125652818 0.542276638335 0.537798631004 0.548780525122 0.557352263559 0.536343124222 0.519034801348 0.470009746232 0.494478553058 0.431885028526 0.525592838430 0.401564535366 0.428262431851 0.327960969805 0.387320391915 0.357206901159 0 0.461413064650 0.402960341793 0.400880317772
 0.439181030274 0.435519200337 0.417939303921 0.313337692533 0.334601617066 0.514338861385 0.439795801893 0.333079425627 0.463524934316 0.449287829605 0.381040520387 0.325651149428 0.446162647346 0.476580800216 0.485256102052 0.454728175960 0.481462514380 0.428822681778 0.406040665386 0.420161176796 0.367024939869 0.421224363947 0.339009579277 0.385569347480 0.417172070361 0.414487092158 0.446827677625 0.461413064650 0 0.307249489289 0.299786882160
 0.410592563178 0.393207926687 0.372421024181 0.232362260563 0.232118739296 0.478972891176 0.391089357699 0.289722037354 0.428972967174 0.411119631726 0.346756901848 0.282914853926 0.422124662129 0.392397447260 0.414995700430 0.404082724392 0.391483187912 0.373030854687 0.387338928697 0.405760331509 0.330913819560 0.396244869799 0.316585601848 0.350527183480 0.358191519750 0.356981240219 0.390449614517 0.402960341793 0.307249489289 0 0.255691791540
 0.375273648098 0.386278128047 0.362188032674 0.244767096210 0.265144750251 0.449645319789 0.394236029569 0.290058089259 0.413724220454 0.392276163529 0.327225346850 0.264343698352 0.397299349709 0.392646521095 0.403725706056 0.370366293408 0.376188481759 0.411937967782 0.385770018924 0.376094392724 0.343171347429 0.405520552697 0.336215490915 0.359483935543 0.392451225128 0.381760056473 0.427488993576 0.400880317772 0.299786882160 0.255691791540 0
