0.379309 0.409805 0.394903 0.446260 0.483622 0.461487 0.402938
0.409805 0.281191 0.408962 0.450418 0.387078 0.365518 0.301681
0.394903 0.408962 0.305941 0.449100 0.480851 0.459319 0.402586
0.446260 0.450418 0.449100 0.359578 0.519280 0.497546 0.444665
0.483622 0.387078 0.480851 0.519280 0.418771 0.413707 0.387771
0.461487 0.365518 0.459319 0.497546 0.413707 0.368331 0.365892
0.402938 0.301681 0.402586 0.444665 0.387771 0.365892 0.286769
