0.386634 0.400829 0.393375 0.447435 0.498203 0.511642 0.399178
0.400829 0.199133 0.386625 0.423604 0.374805 0.359849 0.270389
0.393375 0.386625 0.305192 0.454663 0.493099 0.520489 0.388890
0.447435 0.423604 0.454663 0.354125 0.523335 0.534233 0.420326
0.498203 0.374805 0.493099 0.523335 0.434102 0.394727 0.387657
0.511642 0.359849 0.520489 0.534233 0.394727     -nan 0.389272
0.399178 0.270389 0.388890 0.420326 0.387657 0.389272 0.287576
