0.384689 0.411186 0.405911 0.479696 0.472844 0.408455
0.411186 0.294370 0.406577 0.408162 0.382376 0.316142
0.405911 0.406577 0.307869 0.472661 0.467849 0.404641
0.479696 0.408162 0.472661 0.436883 0.465520 0.409590
0.472844 0.382376 0.467849 0.465520 0.435474 0.384860
0.408455 0.316142 0.404641 0.409590 0.384860 0.300372
