0.386634 0.400829 0.393375 0.485010 0.486663 0.399178
0.400829 0.199133 0.386625 0.389664 0.381135 0.270389
0.393375 0.386625 0.305192 0.483322 0.487383 0.388890
0.485010 0.389664 0.483322 0.452305 0.477208 0.402198
0.486663 0.381135 0.487383 0.477208 0.446278 0.385033
0.399178 0.270389 0.388890 0.402198 0.385033 0.287576
